3,1
3,3
10,140
10,128
10,172
10,32
10,79
10,235
10,180
9,7
9,4
9,1
9,6
8,9
8,16
8,11
50,5
50,4
50,3
50,2
50,1
50,0
45,3
45,1
43,3
43,1
31,3
31,1
30,3
30,1
29,3
29,1
26,3
26,1
20,3
20,2
20,1
19,3
19,2
19,1
12,3
12,2
12,1
11,30
11,29
11,28
11,27
11,26
11,25
11,24
11,23
11,22
11,21
11,20
11,18
11,17
11,16
11,15
11,14
11,13
11,12
11,11
11,10
11,9
11,8
11,7
11,6
11,5
11,4
11,3
11,2
11,1
10,316
10,315
10,314
10,313
10,312
10,311
10,310
10,309
10,308
10,307
10,306
10,305
10,304
10,303
10,302
10,301
10,300
18,1
10,299
10,298
10,297
10,296
10,295
10,294
10,293
10,292
10,291
10,290
10,289
10,288
18,3
10,287
10,286
10,285
14,1
